0 0 0.693147
0 0.1 0.744397
0 0.2 0.798139
0 0.3 0.854355
0 0.4 0.913015
0 0.5 0.974077
0 0.6 1.03749
0 0.7 1.10319
0 0.8 1.1711
0 0.9 1.24115
0 1 1.31326
0 1.1 1.38734
0 1.2 1.46328
0 1.3 1.54101
0 1.4 1.62042
0 1.5 1.70141
0 1.6 1.7839
0 1.7 1.86779
0 1.8 1.95298
0 1.9 2.03939
0.1 0 0.744397
0.1 0.1 0.793147
0.1 0.2 0.844397
0.1 0.3 0.898139
0.1 0.4 0.954355
0.1 0.5 1.01302
0.1 0.6 1.07408
0.1 0.7 1.13749
0.1 0.8 1.20319
0.1 0.9 1.2711
0.1 1 1.34115
0.1 1.1 1.41326
0.1 1.2 1.48734
0.1 1.3 1.56328
0.1 1.4 1.64101
0.1 1.5 1.72042
0.1 1.6 1.80141
0.1 1.7 1.8839
0.1 1.8 1.96779
0.1 1.9 2.05298
0.2 0 0.798139
0.2 0.1 0.844397
0.2 0.2 0.893147
0.2 0.3 0.944397
0.2 0.4 0.998139
0.2 0.5 1.05436
0.2 0.6 1.11302
0.2 0.7 1.17408
0.2 0.8 1.23749
0.2 0.9 1.30319
0.2 1 1.3711
0.2 1.1 1.44115
0.2 1.2 1.51326
0.2 1.3 1.58734
0.2 1.4 1.66328
0.2 1.5 1.74101
0.2 1.6 1.82042
0.2 1.7 1.90141
0.2 1.8 1.9839
0.2 1.9 2.06779
0.3 0 0.854355
0.3 0.1 0.898139
0.3 0.2 0.944397
0.3 0.3 0.993147
0.3 0.4 1.0444
0.3 0.5 1.09814
0.3 0.6 1.15436
0.3 0.7 1.21302
0.3 0.8 1.27408
0.3 0.9 1.33749
0.3 1 1.40319
0.3 1.1 1.4711
0.3 1.2 1.54115
0.3 1.3 1.61326
0.3 1.4 1.68734
0.3 1.5 1.76328
0.3 1.6 1.84101
0.3 1.7 1.92042
0.3 1.8 2.00141
0.3 1.9 2.0839
0.4 0 0.913015
0.4 0.1 0.954355
0.4 0.2 0.998139
0.4 0.3 1.0444
0.4 0.4 1.09315
0.4 0.5 1.1444
0.4 0.6 1.19814
0.4 0.7 1.25436
0.4 0.8 1.31302
0.4 0.9 1.37408
0.4 1 1.43749
0.4 1.1 1.50319
0.4 1.2 1.5711
0.4 1.3 1.64115
0.4 1.4 1.71326
0.4 1.5 1.78734
0.4 1.6 1.86328
0.4 1.7 1.94101
0.4 1.8 2.02042
0.4 1.9 2.10141
0.5 0 0.974077
0.5 0.1 1.01302
0.5 0.2 1.05436
0.5 0.3 1.09814
0.5 0.4 1.1444
0.5 0.5 1.19315
0.5 0.6 1.2444
0.5 0.7 1.29814
0.5 0.8 1.35436
0.5 0.9 1.41302
0.5 1 1.47408
0.5 1.1 1.53749
0.5 1.2 1.60319
0.5 1.3 1.6711
0.5 1.4 1.74115
0.5 1.5 1.81326
0.5 1.6 1.88734
0.5 1.7 1.96328
0.5 1.8 2.04101
0.5 1.9 2.12042
0.6 0 1.03749
0.6 0.1 1.07408
0.6 0.2 1.11302
0.6 0.3 1.15436
0.6 0.4 1.19814
0.6 0.5 1.2444
0.6 0.6 1.29315
0.6 0.7 1.3444
0.6 0.8 1.39814
0.6 0.9 1.45436
0.6 1 1.51302
0.6 1.1 1.57408
0.6 1.2 1.63749
0.6 1.3 1.70319
0.6 1.4 1.7711
0.6 1.5 1.84115
0.6 1.6 1.91326
0.6 1.7 1.98734
0.6 1.8 2.06328
0.6 1.9 2.14101
0.7 0 1.10319
0.7 0.1 1.13749
0.7 0.2 1.17408
0.7 0.3 1.21302
0.7 0.4 1.25436
0.7 0.5 1.29814
0.7 0.6 1.3444
0.7 0.7 1.39315
0.7 0.8 1.4444
0.7 0.9 1.49814
0.7 1 1.55436
0.7 1.1 1.61302
0.7 1.2 1.67408
0.7 1.3 1.73749
0.7 1.4 1.80319
0.7 1.5 1.8711
0.7 1.6 1.94115
0.7 1.7 2.01326
0.7 1.8 2.08734
0.7 1.9 2.16328
0.8 0 1.1711
0.8 0.1 1.20319
0.8 0.2 1.23749
0.8 0.3 1.27408
0.8 0.4 1.31302
0.8 0.5 1.35436
0.8 0.6 1.39814
0.8 0.7 1.4444
0.8 0.8 1.49315
0.8 0.9 1.5444
0.8 1 1.59814
0.8 1.1 1.65436
0.8 1.2 1.71302
0.8 1.3 1.77408
0.8 1.4 1.83749
0.8 1.5 1.90319
0.8 1.6 1.9711
0.8 1.7 2.04115
0.8 1.8 2.11326
0.8 1.9 2.18734
0.9 0 1.24115
0.9 0.1 1.2711
0.9 0.2 1.30319
0.9 0.3 1.33749
0.9 0.4 1.37408
0.9 0.5 1.41302
0.9 0.6 1.45436
0.9 0.7 1.49814
0.9 0.8 1.5444
0.9 0.9 1.59315
0.9 1 1.6444
0.9 1.1 1.69814
0.9 1.2 1.75436
0.9 1.3 1.81302
0.9 1.4 1.87408
0.9 1.5 1.93749
0.9 1.6 2.00319
0.9 1.7 2.0711
0.9 1.8 2.14115
0.9 1.9 2.21326
1 0 1.31326
1 0.1 1.34115
1 0.2 1.3711
1 0.3 1.40319
1 0.4 1.43749
1 0.5 1.47408
1 0.6 1.51302
1 0.7 1.55436
1 0.8 1.59814
1 0.9 1.6444
1 1 1.69315
1 1.1 1.7444
1 1.2 1.79814
1 1.3 1.85436
1 1.4 1.91302
1 1.5 1.97408
1 1.6 2.03749
1 1.7 2.10319
1 1.8 2.1711
1 1.9 2.24115
1.1 0 1.38734
1.1 0.1 1.41326
1.1 0.2 1.44115
1.1 0.3 1.4711
1.1 0.4 1.50319
1.1 0.5 1.53749
1.1 0.6 1.57408
1.1 0.7 1.61302
1.1 0.8 1.65436
1.1 0.9 1.69814
1.1 1 1.7444
1.1 1.1 1.79315
1.1 1.2 1.8444
1.1 1.3 1.89814
1.1 1.4 1.95436
1.1 1.5 2.01302
1.1 1.6 2.07408
1.1 1.7 2.13749
1.1 1.8 2.20319
1.1 1.9 2.2711
1.2 0 1.46328
1.2 0.1 1.48734
1.2 0.2 1.51326
1.2 0.3 1.54115
1.2 0.4 1.5711
1.2 0.5 1.60319
1.2 0.6 1.63749
1.2 0.7 1.67408
1.2 0.8 1.71302
1.2 0.9 1.75436
1.2 1 1.79814
1.2 1.1 1.8444
1.2 1.2 1.89315
1.2 1.3 1.9444
1.2 1.4 1.99814
1.2 1.5 2.05436
1.2 1.6 2.11302
1.2 1.7 2.17408
1.2 1.8 2.23749
1.2 1.9 2.30319
1.3 0 1.54101
1.3 0.1 1.56328
1.3 0.2 1.58734
1.3 0.3 1.61326
1.3 0.4 1.64115
1.3 0.5 1.6711
1.3 0.6 1.70319
1.3 0.7 1.73749
1.3 0.8 1.77408
1.3 0.9 1.81302
1.3 1 1.85436
1.3 1.1 1.89814
1.3 1.2 1.9444
1.3 1.3 1.99315
1.3 1.4 2.0444
1.3 1.5 2.09814
1.3 1.6 2.15436
1.3 1.7 2.21302
1.3 1.8 2.27408
1.3 1.9 2.33749
1.4 0 1.62042
1.4 0.1 1.64101
1.4 0.2 1.66328
1.4 0.3 1.68734
1.4 0.4 1.71326
1.4 0.5 1.74115
1.4 0.6 1.7711
1.4 0.7 1.80319
1.4 0.8 1.83749
1.4 0.9 1.87408
1.4 1 1.91302
1.4 1.1 1.95436
1.4 1.2 1.99814
1.4 1.3 2.0444
1.4 1.4 2.09315
1.4 1.5 2.1444
1.4 1.6 2.19814
1.4 1.7 2.25436
1.4 1.8 2.31302
1.4 1.9 2.37408
1.5 0 1.70141
1.5 0.1 1.72042
1.5 0.2 1.74101
1.5 0.3 1.76328
1.5 0.4 1.78734
1.5 0.5 1.81326
1.5 0.6 1.84115
1.5 0.7 1.8711
1.5 0.8 1.90319
1.5 0.9 1.93749
1.5 1 1.97408
1.5 1.1 2.01302
1.5 1.2 2.05436
1.5 1.3 2.09814
1.5 1.4 2.1444
1.5 1.5 2.19315
1.5 1.6 2.2444
1.5 1.7 2.29814
1.5 1.8 2.35436
1.5 1.9 2.41302
1.6 0 1.7839
1.6 0.1 1.80141
1.6 0.2 1.82042
1.6 0.3 1.84101
1.6 0.4 1.86328
1.6 0.5 1.88734
1.6 0.6 1.91326
1.6 0.7 1.94115
1.6 0.8 1.9711
1.6 0.9 2.00319
1.6 1 2.03749
1.6 1.1 2.07408
1.6 1.2 2.11302
1.6 1.3 2.15436
1.6 1.4 2.19814
1.6 1.5 2.2444
1.6 1.6 2.29315
1.6 1.7 2.3444
1.6 1.8 2.39814
1.6 1.9 2.45436
1.7 0 1.86779
1.7 0.1 1.8839
1.7 0.2 1.90141
1.7 0.3 1.92042
1.7 0.4 1.94101
1.7 0.5 1.96328
1.7 0.6 1.98734
1.7 0.7 2.01326
1.7 0.8 2.04115
1.7 0.9 2.0711
1.7 1 2.10319
1.7 1.1 2.13749
1.7 1.2 2.17408
1.7 1.3 2.21302
1.7 1.4 2.25436
1.7 1.5 2.29814
1.7 1.6 2.3444
1.7 1.7 2.39315
1.7 1.8 2.4444
1.7 1.9 2.49814
1.8 0 1.95298
1.8 0.1 1.96779
1.8 0.2 1.9839
1.8 0.3 2.00141
1.8 0.4 2.02042
1.8 0.5 2.04101
1.8 0.6 2.06328
1.8 0.7 2.08734
1.8 0.8 2.11326
1.8 0.9 2.14115
1.8 1 2.1711
1.8 1.1 2.20319
1.8 1.2 2.23749
1.8 1.3 2.27408
1.8 1.4 2.31302
1.8 1.5 2.35436
1.8 1.6 2.39814
1.8 1.7 2.4444
1.8 1.8 2.49315
1.8 1.9 2.5444
1.9 0 2.03939
1.9 0.1 2.05298
1.9 0.2 2.06779
1.9 0.3 2.0839
1.9 0.4 2.10141
1.9 0.5 2.12042
1.9 0.6 2.14101
1.9 0.7 2.16328
1.9 0.8 2.18734
1.9 0.9 2.21326
1.9 1 2.24115
1.9 1.1 2.2711
1.9 1.2 2.30319
1.9 1.3 2.33749
1.9 1.4 2.37408
1.9 1.5 2.41302
1.9 1.6 2.45436
1.9 1.7 2.49814
1.9 1.8 2.5444
1.9 1.9 2.59315
